0000
0001
0010
0011
0020
0021
0100
0101
0110
0111
0120
0121
0200
0201
0210
0211
0220
0221
0300
0301
0310
0311
0320
0321
1000
1001
1010
1011
1020
1021
1100
1101
1110
1111
1120
1121
1200
1201
1210
1211
1220
1221
1300
1301
1310
1311
1320
1321
2000
2001
2010
2011
2020
2021
2100
2101
2110
2111
2120
2121
2200
2201
2210
2211
2220
2221
2300
2301
2310
2311
2320
2321
3000
3001
3010
3011
3020
3021
3100
3101
3110
3111
3120
3121
3200
3201
3210
3211
3220
3221
3300
3301
3310
3311
3320
3321
4000
4001
4010
4011
4020
4021
4100
4101
4110
4111
4120
4121
4200
4201
4210
4211
4220
4221
4300
4301
4310
4311
4320
4321
